0.00641715
0.0132339
0.0214569
0.0314088
0.0434285
0.0578619
0.0750256
0.0951907
0.118527
0.145038
0.174472
0.206234
0.239286
0.272126
0.302868
0.329566
0.350787
0.366265
0.37715
0.385384
0.392503
0.399113
0.405311
0.411063
0.41632
0.421036
0.425173
0.42871
0.431647
0.434556
0.437988
0.442081
0.446673
0.451417
0.456923
0.463446
0.471252
0.480604
0.491747
0.504888
0.520164
0.537599
0.557053
0.578165
0.600298
0.622517
0.643654
0.662495
0.678124
0.690315
0.699689
0.707358
0.71422
0.720622
0.72661
0.732131
0.737132
0.741566
0.745404
0.748635
0.751489
0.754678
0.758505
0.762921
0.767645
0.772554
0.778322
0.785217
0.793514
0.803479
0.815352
0.829307
0.845456
0.863743
0.883929
0.905489
0.92765
0.949329
0.969295
0.986443
1.00018
1.01074
1.0191
1.0263
1.03292
1.03909
1.04482
1.05004
1.05472
1.0588
1.06228
1.06519
1.06818
1.07173
1.07592
1.08056
1.08528
1.09078
1.0973
1.10511
1.11447
1.12562
1.13877
1.15405
1.17148
1.19092
1.212
1.23409
1.25626
1.27734
1.29612
1.31171
1.32387
1.33321
1.34084
1.34765
1.35398
1.35988
1.36531
1.3702
1.37452
1.37824
1.38135
1.38421
1.3875
1.39143
1.39593
1.40067
1.40613
1.41258
1.42028
1.42947
1.44043
1.45336
1.4684
1.48558
1.50478
1.52564
1.54754
1.56954
1.59052
1.60924
1.62477
1.63693
1.64631
1.65402
1.66096
1.66746
1.67357
1.67924
1.68441
1.68902
1.69304
1.69645
1.69934
1.70241
1.70607
1.71036
1.71504
1.71973
1.7252
1.7317
1.7395
1.74885
1.75999
1.77312
1.78837
1.80576
1.82513
1.84614
1.86813
1.8902
1.91118
1.92988
1.94539
1.9575
1.9668
1.97439
1.98114
1.98741
1.99323
1.99856
2.00334
2.00755
2.01115
2.01414
2.01704
2.02042
2.02447
2.02903
2.03377
2.03927
2.04577
2.05354
2.06285
2.07394
2.08702
2.10223
2.11959
2.13897
