1.88732e-06
2.82775e-05
0.000148163
0.000452878
0.00104696
0.00203982
0.0112659
0.037235
0.0739047
0.111904
0.151051
0.191211
0.232252
0.27404
0.316436
0.359293
0.402462
0.445788
0.47056
0.479859
0.487177
0.493803
0.499866
0.5054
0.510402
0.514852
0.518729
0.522024
0.524743
0.526911
0.528576
0.529811
0.530706
0.531372
0.531934
0.532524
0.533282
0.534343
0.537001
0.551479
0.579317
0.615395
0.652932
0.686075
0.720485
0.754503
0.786093
0.813227
0.834486
0.849713
0.860266
0.868213
0.875098
0.881454
0.887353
0.892766
0.897654
0.901979
0.905716
0.908855
0.911411
0.913421
0.914946
0.916068
0.916894
0.917543
0.918147
0.918846
0.919778
0.921079
0.929197
0.951076
0.983873
1.02105
1.0563
1.09292
1.12914
1.16276
1.19157
1.21401
1.22994
1.24083
1.24894
1.25597
1.26249
1.26859
1.27423
1.27937
1.28397
1.28799
1.29141
1.29424
1.2965
1.29824
1.29954
1.30049
1.30121
1.30183
1.30248
1.3033
1.30444
1.30785
1.32355
1.35206
1.38796
1.4245
1.45976
1.49539
1.52945
1.55976
1.58442
1.60263
1.61516
1.62406
1.63139
1.6381
1.64439
1.65023
1.6556
1.66045
1.66473
1.66841
1.6715
1.674
1.67596
1.67744
1.67853
1.67934
1.67999
1.68061
1.68134
1.68233
1.68372
1.69396
1.71796
1.75193
1.78919
1.82354
1.85924
1.89453
1.9273
1.95541
1.97736
1.993
2.00375
2.0118
2.01877
2.02522
2.03124
2.03679
2.04183
2.04632
2.05023
2.05353
2.05625
2.05841
2.06006
2.06128
2.06218
2.06287
2.06348
2.06414
2.06501
2.06621
2.07124
2.08939
2.1197
2.1562
2.19227
2.2297
2.2668
2.30127
2.33077
2.35372
2.36995
2.38099
2.38918
2.39628
2.4029
2.40912
2.4149
2.42019
2.42496
2.42916
2.43276
2.43576
2.43818
2.44007
2.44149
2.44253
2.44331
2.44394
2.44458
2.44535
2.44639
2.44822
2.46049
2.48626
2.52096
2.55797
